1000
0.82522059
0.78800341
-0.31138138
0.85782854
-1.97486550
-0.10952331
-0.74059784
-0.31891779
0.92282971
0.57263332
-0.94341544
-0.59503084
0.97766831
-0.03004884
-0.09816023
0.51831237
0.24148438
-1.08052199
0.79714022
0.03611229
0.46818692
-1.54590822
0.46741917
-2.00451773
-0.65571463
-0.78040927
1.97702968
-0.58711551
1.81427238
1.69077131
1.15085435
0.69363753
-0.15547904
-0.16253874
-0.01585916
-0.17370375
1.73525811
-0.82851776
1.70346879
-0.61693345
-1.75729082
-0.13105580
-0.08590765
0.53951738
2.11882993
-0.24340119
0.97508155
-0.31298015
-1.30994181
1.19457897
0.09447351
0.14327208
-1.80808421
-0.05433719
1.86304991
1.51022483
-2.37631528
0.92037254
1.08169514
0.90929831
1.15455838
-0.99531785
-2.06022959
-0.31035971
-0.23040390
0.73707368
2.35939337
2.06022970
-0.89133600
-0.96160317
-0.46208550
0.02603104
-0.23557609
-0.65535438
-0.77079122
2.39837289
-0.43835409
0.41760666
-0.27123368
1.13140444
0.45314557
-0.83646501
-1.80380788
1.13011570
0.45457224
0.05236796
0.57986226
1.04043542
0.89442229
1.40483821
-0.72721654
-0.20062218
-0.26531419
-1.11372623
-0.18851152
0.56254485
1.56439142
-0.76933449
0.71294268
-1.21857491
-0.98675284
-0.78659290
0.75374241
-0.57538551
-1.70798368
-0.59561279
0.00538441
-1.01021275
0.12402440
-0.35705325
0.45355411
-1.28193956
-1.16221340
0.85867573
-0.55380965
-0.92793567
0.09918245
-0.79275489
-0.28104778
0.63831177
-0.21492492
-0.36898187
-0.42530395
0.57800388
0.85320522
-0.25406805
0.00617267
-0.65995639
-0.29053503
1.19537863
1.07048587
-1.59654755
-1.02199028
-1.53557672
-0.27306296
-1.83218264
-0.68509098
0.06517902
0.25675108
-1.65320516
-0.43546071
-0.24865315
-0.22619654
-1.54444895
-0.16520043
0.39641536
-0.41249178
0.11905332
1.22512157
-0.12644380
0.57248569
-0.63317329
-1.05051044
0.27409834
0.30861007
-0.37785557
-0.75921097
-1.33788767
-1.47467034
-0.33056722
0.58180547
0.31011646
-0.75556516
-0.32792691
0.59713073
1.61240467
-1.07644830
-0.55367687
-0.68152009
0.10336128
0.38640088
-1.32650178
0.05297272
-1.78053479
-2.22659891
-0.15812405
0.03260387
0.56928765
0.05715844
-1.68715168
0.11543652
-0.31824135
0.73411095
0.90650448
-0.21876335
0.35272266
1.27658948
1.64762397
-1.58008467
1.16866305
2.12360750
1.98499006
-1.26579084
-0.62218802
2.30101977
-0.23295072
-0.10252084
0.39928491
0.24422347
-1.12942867
0.18781451
0.32716301
-0.62025321
1.22860968
1.05794226
0.57256851
0.46670496
-1.32581984
-2.31276625
0.42589529
-1.17723222
-1.16789469
-0.38617140
-1.67239189
1.96467230
-0.39213406
0.22403787
1.06618309
-0.22400577
-0.89093313
-0.80616681
1.40270637
0.16484904
0.24881462
0.90711174
-0.13391531
1.27992428
-0.99625409
0.09398506
0.43076756
-2.58720101
-0.79388802
0.35627088
2.18602930
0.58895294
0.30198337
-0.02391057
2.04140042
0.13611639
0.57055836
-0.64344721
-0.34529503
0.05966145
0.65712731
0.20903735
-1.22774253
0.10357247
0.28833182
0.50332527
-0.76562359
0.52002587
-0.76165663
0.54520574
2.02049694
0.38379001
3.02346408
0.33880829
-0.87830540
-1.04888376
-1.78714840
-1.48962132
-1.39059272
-1.54267784
-0.02916560
0.03362279
0.17168437
0.46513294
-1.16808220
-0.17808124
0.92809756
-1.71091823
0.01273774
-1.53901713
-1.00525107
1.78158133
0.44936287
1.41109566
1.86022309
-0.93363147
-1.02504643
-1.39334602
-1.66053236
-0.82108735
1.01186638
0.35247117
1.77901634
0.34151506
-0.16715053
0.13365887
0.66364063
0.28241462
0.91968158
0.69049878
-0.09297032
1.28773291
0.00316077
-0.34878017
-1.25364100
0.33129580
0.30071845
-0.58328694
-0.45704996
0.80752312
-1.03733339
0.93883730
0.53094960
1.22569211
-2.13002914
-1.00006809
0.55069140
0.97671257
0.72208708
1.47693007
-1.03226686
1.63867516
0.17550228
0.34180340
0.76095491
-0.08530740
-0.79611583
0.12103225
-1.72741014
-1.42128020
-0.82465098
0.52621531
-0.40746153
-0.85316397
0.86851704
0.12008812
-0.66625177
0.72053934
-0.00781958
1.23786962
0.72514599
1.77443407
1.98543014
0.19936111
-1.28802242
0.40819514
-0.43351738
-0.15672800
0.54645298
-0.57778266
-0.62619177
1.05995170
-0.49570229
0.60337873
0.14973150
0.98007308
-0.05739428
1.16305418
-0.72655971
-0.10515576
1.13556227
0.70622650
1.24461161
-1.05085922
-0.14907820
1.07827866
1.03868173
0.93026827
0.29515719
0.71331735
-1.85628716
-2.43503028
-0.52171209
0.13139254
-0.50479057
-0.28542365
0.48631786
-1.84814644
0.23131285
-0.35534847
-0.23357474
0.10254997
-0.39987254
0.06924274
1.35237966
-1.14077175
0.88449300
-2.22762970
0.04221062
-0.79429101
0.57707583
0.21993001
0.07318096
1.59037303
-0.74828384
-0.45127979
-0.01920171
-0.50998482
-0.07091096
-0.07844720
-2.03333221
0.30851240
-0.99127378
-0.78676476
-1.42190635
-0.44281761
1.64576693
0.03335937
0.10631368
0.47868151
-1.10725750
-0.76291797
-1.09238485
0.25126438
-0.03484758
0.14963049
-0.82360259
-1.50825267
1.43320805
-0.55802985
0.91179369
-1.34850145
-0.75941971
1.34636801
0.42152242
1.21388902
-0.67721781
-0.30317705
-0.70211870
1.00043314
0.86473692
0.32569636
-0.01469356
-1.58943971
0.22665215
0.26400672
1.25771231
0.32801643
0.16596148
1.40832629
-1.63730361
1.06166604
-1.24494197
0.79784440
-3.08156573
-0.03623409
1.98029943
-1.20447864
0.44738403
-1.20404862
0.53018486
-0.11824219
0.65224416
-0.07701161
-0.01469862
0.81559711
0.12571268
-0.28184515
0.50318367
-0.66439140
0.34527671
0.63276630
-0.00583586
1.10791858
-0.33435793
0.02276981
-0.44676645
0.17598036
-2.86000640
1.29836697
0.12356764
-1.33494956
0.30405353
1.18290273
0.60387498
-0.95436216
1.96281429
-1.23866698
-0.93234233
-2.13425551
1.78355205
0.78428417
-0.04109607
-0.38254552
0.38936364
1.73002503
-1.16152700
-0.34750585
0.03290638
0.87496604
0.13829405
-0.55880810
-1.91183686
-0.65502730
-1.78500887
-1.52905528
0.58561065
-0.46151025
1.14531785
0.35374728
-1.05537387
-0.78584650
-2.08342191
-1.57288720
1.11420129
-0.99130596
-0.89305417
-0.59733590
-0.42469427
0.78504416
1.93420059
1.60436238
0.83844210
0.72669143
-0.64662721
0.90041740
-0.72086110
0.02418869
-1.27193223
1.82197884
1.01413769
-0.41710565
-0.64457884
0.22485339
-1.25659393
-0.47769757
0.94967050
1.20677938
-0.26907046
1.30167440
-0.88060402
-0.94063826
-0.06501005
0.58206615
1.57901654
-0.46110731
0.95738596
-0.15336376
1.70321108
1.04392594
0.18071628
-0.35558420
0.07931919
-0.49029423
0.67311923
-1.96277927
0.82707943
1.53695359
0.91146767
-1.63424349
0.11116606
1.53128960
1.33689837
-0.67277872
0.39537086
0.60125683
-2.08058033
0.98824085
-0.47953940
2.49230223
-0.09104180
0.16056254
-0.05018357
-0.73108139
-0.63032090
0.41178944
-0.97200509
-0.12481132
0.35072137
-0.83672509
0.96180015
-0.66202540
-0.98493109
0.48646289
2.05223295
3.33660262
-1.39231806
1.08584959
1.61526772
0.94425934
-0.88508166
0.11345831
1.19315339
0.61175695
-1.31184006
-1.20017798
-1.03306738
1.06644949
-0.77528858
0.35396970
-0.78336099
0.36657660
-0.54278225
0.58012387
-0.14859947
-1.32965395
-1.10592791
0.75343204
0.08111605
-0.75297706
0.56410185
-1.85898819
-0.71139994
0.42764063
-0.16909052
-0.57166113
-1.75352802
0.60540589
0.42357587
-1.00013425
1.02828251
-0.49603120
-1.14312482
-1.11924687
-0.09338377
-0.34737934
0.04987337
0.99771279
1.09365401
0.29453409
0.80354516
0.02692144
1.08034689
0.19201059
0.20302518
0.32458912
0.66892280
-0.65048539
-1.20370461
0.51393131
-0.26593102
-0.17745740
0.84913635
-0.13206429
0.59042969
0.49683462
1.27666119
-0.35905101
1.28577637
-0.28783291
0.92446898
1.07452245
-1.20750284
-0.59378275
0.51397814
0.87799033
-0.27061414
0.53829168
-1.32005201
-1.75965419
0.81682319
-1.44571088
1.38247788
-1.02474938
0.80449696
-0.51927092
-0.37855055
-0.48089936
0.06513206
0.84470471
0.93777513
-0.00947920
1.84872875
0.81778743
0.24939471
-0.92147811
0.46829358
-0.64212430
1.07823313
-0.59052839
0.06615192
-0.84625900
0.38109961
-0.49176945
0.23154540
-0.97608585
0.59684139
0.05542870
-0.28409479
0.78827412
-0.53956085
-0.31692926
1.28844108
0.72552470
-0.59863590
0.51643646
0.91119470
1.25881087
0.85789197
-0.82820171
0.85307976
2.43418049
0.37701851
0.93377622
1.35602249
-1.39553685
0.89157672
-0.47821297
1.37333753
0.77633825
-0.47521311
-1.03383621
-1.51653872
0.77345789
0.78781983
-1.16596784
-0.37156238
-0.05565876
0.71713903
0.38777459
0.68358510
0.11728335
1.13525711
-0.79588564
-0.32676939
-0.24486173
-1.26930237
1.70386134
1.02236615
-1.59095233
-0.47442095
-0.93618256
-0.64179908
-1.18528258
0.86065709
1.66173250
-1.60462869
1.63538216
-0.81828320
0.74801339
-0.61105378
-0.45671892
-0.10768742
1.42932962
-1.25759764
0.29861534
0.84300773
0.33566697
-1.79964314
0.98733444
-0.32374386
-0.99419866
-0.37672777
-0.54209881
-0.83257601
-0.77082137
0.48383279
0.80325590
1.41804127
0.59002849
-0.76489657
-0.64618665
1.58409310
-0.55755209
-1.24045977
-0.11692731
0.98357810
0.63878334
-0.15230417
-1.55615919
-0.53617281
-1.15976876
0.33875064
-1.03094151
-1.17053146
-0.39715487
-0.68170447
-0.65636642
-0.73996939
-1.88078706
-0.84483159
0.52533223
-0.21320743
-0.11829930
1.82385716
0.14676924
-0.05536768
-1.26402284
0.67432751
-0.71106055
0.91334339
-1.30303289
1.55835027
-0.87255682
1.38381821
-1.12932335
-0.82477526
1.06941333
-0.53719339
0.46731767
-0.60704284
-0.77454537
-1.03561062
0.75550799
-1.45762978
0.89255742
-1.09065725
1.02558664
1.59125747
1.24775452
-0.06983647
-0.83220742
-1.06129587
-0.94379486
-1.69556995
0.39279768
-2.91969277
-0.43481718
0.43167246
-0.20863000
0.67825571
-0.65980998
1.05794259
1.20744047
-0.42033609
-0.65925777
-0.19146428
0.77540705
-0.24010557
1.46033591
0.87022887
-1.03872026
-1.60136523
-1.38464788
0.10290823
0.52836492
-0.54436549
1.26652011
1.30915679
0.57595522
-1.16917639
0.21302442
-0.72586013
0.36555649
-0.54290468
-0.10966077
0.70558357
-0.13396221
0.53729914
0.97174359
0.46328215
0.45362050
-0.32878911
-0.04981593
1.60451394
-1.10880589
-1.85710643
-0.53132759
-0.24196690
2.22223543
-0.32475090
-0.62911074
-1.60927152
0.44901737
2.44017508
0.66506903
1.22929564
2.00120777
-0.54683450
-0.87105498
0.24025879
1.12632898
1.39256667
0.72888585
-1.02981487
1.35702548
-1.92956240
-1.52772972
-1.85463311
0.47014246
0.82745579
0.81406678
-0.83994945
-0.10518871
1.16299347
0.53247964
-1.40876208
-1.68938885
0.36477473
-1.32647080
-0.78779509
-1.77315583
0.77302386
-0.86990732
-1.11210543
-1.15718330
0.09391304
0.56400745
2.03209535
0.04323512
1.96781025
-0.08121102
-0.91918697
1.02905252
0.84000520
0.23071110
0.30445310
-0.61386910
1.15944384
-2.12076550
-0.45185900
0.66611025
-1.30467130
-1.14085551
0.74682185
-0.90050475
0.02127155
0.88665697
0.25748781
1.43666252
-1.03274584
0.55407934
1.30933631
0.71534022
-0.43231157
-0.40965224
-0.12673306
-0.48898184
0.49934908
-0.28015980
-1.17269693
0.11775217
-0.31761050
-1.65396598
0.01048476
-0.29248127
-0.91765447
-0.69481256
-0.59592170
-1.45564871
0.67992794
-0.31815797
1.03418188
-0.00958972
0.25623806
-1.79143879
-0.72832027
0.27862942
1.60879771
-1.48907669
0.01304415
0.07985458
-1.16723379
0.86287685
1.41107800
-0.06087468
-0.41536368
-0.19492209
0.14055841
-1.30368404
-1.54484987
-0.90502271
0.98989175
0.26458208
0.55391125
-0.79496568
0.36487706
-0.72255045
0.21775917
0.42153668
-1.40970042
2.79672458
-1.77109117
1.44260857
0.30891108
0.72885385
-0.71929778
-1.59783349
0.95674589
0.03926535
-0.48175787
-0.22071649
0.42733353
-0.37889504
-0.84185398
1.00803919
1.37851354
1.84197584
-0.84180302
-0.07862765
1.18905030
0.36041513
-0.50667130
-1.67331231
0.25783097
0.26349135
0.11318442
1.43522615
-0.64509442
-0.68240623
-1.34694006
-0.02854127
2.07597463
1.23838916
-1.31970885
0.00396976
1.61750594
0.71952880
0.57811536
0.42489463
-0.95856911
0.25159842
-0.21134973
0.33520224
-1.17048081
1.02071876
0.09582213
